#          source         l            b           l*          b*         D*         NHI      NKI    V_CNM    V_KI   Delta_V
                          [deg]       [deg]       [deg]       [deg]     [pc]  [1e20 cm-2][1e10 cm-2] [km/s]   [km/s] [km/s]
---------------------------------------------------------------------------------------------------------------------------    
001 	J001424-733911 	 306.49 	 -43.22 	 307.10 	 -43.22 	 673.50 	 2.7 	 25.4 	 -2.05 	 -6.15 	 4.10
002 	J002223-742825 	 305.56 	 -42.51 	 305.70 	 -42.09 	 1327.20 	 2.9 	 18.9 	 1.23 	 3.71 	 -2.48
003 	J004222-754838 	 303.67 	 -41.30 	 303.68 	 -41.59 	 669.00 	 4.4 	 33.4 	 9.95 	 9.39 	 0.56
004 	J010120-781900 	 302.29 	 -38.80 	 302.65 	 -39.00 	 1055.80 	 5.1 	 21.6 	 5.31 	 4.06 	 1.25
005 	J010811-754156 	 301.55 	 -41.38 	 301.43 	 -41.11 	 931.60 	 4.3 	 20.6 	 7.92 	 8.51 	 -0.59
006 	J011134-753809 	 301.27 	 -41.43 	 301.43 	 -41.11 	 931.60 	 4.4 	 20.6 	 7.85 	 8.51 	 -0.66
007 	J011136-753800 	 301.27 	 -41.43 	 301.43 	 -41.11 	 931.60 	 4.4 	 20.6 	 7.63 	 8.51 	 -0.88
008 	J011552-761226 	 301.01 	 -40.83 	 301.43 	 -41.11 	 931.60 	 4.2 	 20.6 	 7.33 	 8.51 	 -1.18
009 	J012257-751507 	 300.25 	 -41.71 	 300.80 	 -41.67 	 989.80 	 4.3 	 43.6 	 7.75 	 5.74 	 2.01
010 	J012313-801316 	 301.25 	 -36.80 	 301.22 	 -37.03 	 501.90 	 5.4 	 21.8 	 2.85 	 2.45 	 0.40
011 	J012315-801311 	 301.25 	 -36.80 	 301.22 	 -37.03 	 501.90 	 5.9 	 21.8 	 3.32 	 2.45 	 0.87
012 	J012316-801255 	 301.25 	 -36.81 	 301.22 	 -37.03 	 501.90 	 5.7 	 21.8 	 2.48 	 2.45 	 0.03
013 	J012317-801244 	 301.25 	 -36.81 	 301.22 	 -37.03 	 501.90 	 5.5 	 21.8 	 2.73 	 2.45 	 0.28
014 	J013252-760405 	 299.65 	 -40.80 	 299.59 	 -40.37 	 1432.80 	 3.6 	 24.0 	 1.28 	 -1.98 	 3.26
015 	J015425-761348 	 298.07 	 -40.30 	 297.83 	 -40.55 	 909.10 	 4.3 	 24.3 	 6.82 	 6.91 	 -0.09
016 	J020448-795503 	 298.99 	 -36.64 	 299.00 	 -36.66 	 2603.30 	 5.8 	 31.7 	 5.23 	 5.12 	 0.11
017 	J020803-792116 	 298.57 	 -37.12 	 298.94 	 -37.07 	 2277.10 	 6.0 	 16.9 	 4.00 	 4.20 	 -0.20
018 	J021929-781445 	 297.38 	 -37.92 	 297.81 	 -38.25 	 2405.80 	 6.1 	 17.4 	 -1.74 	 -2.87 	 1.13
019 	J022338-794014 	 297.92 	 -36.54 	 298.26 	 -36.94 	 704.90 	 6.3 	 38.1 	 1.52 	 4.70 	 -3.18
020 	J022458-784143 	 297.31 	 -37.39 	 297.81 	 -37.34 	 2381.10 	 8.0 	 22.1 	 2.53 	 4.50 	 -1.97
021 	J022934-784745 	 297.12 	 -37.20 	 297.15 	 -36.98 	 879.50 	 7.0 	 17.2 	 2.16 	 2.84 	 -0.68
022 	J023934-782554 	 296.35 	 -37.28 	 296.85 	 -37.13 	 633.90 	 7.0 	 17.9 	 4.07 	 3.92 	 0.15
023 	J024508-695753 	 289.80 	 -44.15 	 289.67 	 -44.48 	 813.30 	 3.8 	 18.7 	 8.58 	 12.86 	 -4.28
024 	J024800-693600 	 289.21 	 -44.29 	 289.35 	 -44.77 	 647.60 	 3.3 	 34.0 	 9.35 	 11.46 	 -2.11
025 	J025415-791927 	 296.21 	 -36.15 	 295.98 	 -35.98 	 909.40 	 6.2 	 32.4 	 2.24 	 2.78 	 -0.54
026 	J025617-780035 	 295.17 	 -37.17 	 294.74 	 -37.28 	 563.00 	 7.0 	 39.8 	 1.85 	 2.00 	 -0.15
027 	J025618-780044 	 295.17 	 -37.17 	 294.74 	 -37.28 	 563.00 	 7.0 	 39.8 	 1.98 	 2.00 	 -0.02
028 	J025721-782714 	 295.43 	 -36.77 	 295.74 	 -36.63 	 904.60 	 7.3 	 23.3 	 2.65 	 3.46 	 -0.81
029 	J025803-783711 	 295.52 	 -36.62 	 295.74 	 -36.63 	 904.60 	 6.5 	 23.3 	 1.97 	 3.46 	 -1.49
030 	J030316-765256 	 293.94 	 -37.85 	 294.28 	 -37.45 	 670.70 	 5.8 	 17.4 	 1.85 	 1.36 	 0.49
031 	J030320-791455 	 295.73 	 -35.96 	 295.98 	 -35.98 	 909.40 	 6.7 	 32.4 	 1.93 	 2.78 	 -0.85
032 	J030330-772932 	 294.39 	 -37.36 	 294.74 	 -37.28 	 563.00 	 7.4 	 39.8 	 -0.05 	 2.00 	 -2.05
033 	J030705-775917 	 294.59 	 -36.85 	 294.92 	 -37.12 	 872.90 	 9.1 	 24.8 	 3.12 	 3.37 	 -0.25
034 	J030842-781241 	 294.68 	 -36.62 	 294.85 	 -37.10 	 1666.20 	 7.0 	 19.7 	 1.88 	 4.02 	 -2.14
035 	J031155-765150 	 293.44 	 -37.55 	 293.43 	 -37.31 	 1540.70 	 6.2 	 27.7 	 3.92 	 3.65 	 0.27
036 	J031235-782909 	 294.71 	 -36.29 	 294.62 	 -36.25 	 583.50 	 6.0 	 29.9 	 1.71 	 4.42 	 -2.71
037 	J032019-773939 	 293.66 	 -36.65 	 293.61 	 -37.03 	 2788.80 	 7.0 	 30.6 	 2.57 	 4.75 	 -2.18
038 	J032113-742002 	 290.73 	 -39.04 	 290.24 	 -38.97 	 696.50 	 5.7 	 51.0 	 -4.03 	 0.64 	 -4.67
039 	J032253-770007 	 292.97 	 -37.04 	 293.43 	 -37.31 	 1540.70 	 7.9 	 27.7 	 3.56 	 3.65 	 -0.09
040 	J032255-770011 	 292.97 	 -37.03 	 293.43 	 -37.31 	 1540.70 	 8.0 	 27.7 	 3.45 	 3.65 	 -0.20
041 	J032259-770023 	 292.97 	 -37.03 	 293.30 	 -36.98 	 997.80 	 7.7 	 45.5 	 5.77 	 5.98 	 -0.21
042 	J032301-770029 	 292.97 	 -37.03 	 293.43 	 -37.31 	 1540.70 	 8.0 	 27.7 	 2.58 	 3.65 	 -1.07
043 	J032456-775225 	 293.62 	 -36.33 	 293.77 	 -36.66 	 1021.60 	 6.7 	 25.0 	 2.38 	 4.59 	 -2.21
044 	J032501-775146 	 293.60 	 -36.33 	 293.77 	 -36.66 	 1021.60 	 6.6 	 25.0 	 2.32 	 4.59 	 -2.27
045 	J032548-735326 	 290.04 	 -39.13 	 290.24 	 -38.97 	 696.50 	 5.6 	 51.0 	 2.52 	 0.64 	 1.88
046 	J032550-735329 	 290.04 	 -39.13 	 290.24 	 -38.97 	 696.50 	 5.5 	 51.0 	 2.42 	 0.64 	 1.78
047 	J032753-774732 	 293.41 	 -36.28 	 293.13 	 -35.97 	 687.70 	 8.1 	 30.0 	 2.44 	 3.81 	 -1.37
048 	J032816-765522 	 292.63 	 -36.88 	 293.19 	 -36.93 	 2460.90 	 9.3 	 42.4 	 2.89 	 4.82 	 -1.93
049 	J032819-765520 	 292.63 	 -36.88 	 293.19 	 -36.93 	 2460.90 	 9.0 	 42.4 	 2.93 	 4.82 	 -1.89
050 	J032822-765517 	 292.62 	 -36.88 	 293.19 	 -36.93 	 2460.90 	 9.1 	 42.4 	 2.90 	 4.82 	 -1.92
051 	J032834-745053 	 290.75 	 -38.33 	 290.48 	 -38.03 	 704.10 	 9.9 	 17.1 	 4.78 	 4.93 	 -0.15
052 	J033027-782212 	 293.79 	 -35.77 	 294.10 	 -35.90 	 532.80 	 7.3 	 21.8 	 3.01 	 4.87 	 -1.86
053 	J033030-782200 	 293.78 	 -35.77 	 294.10 	 -35.90 	 532.80 	 7.4 	 21.8 	 2.94 	 4.87 	 -1.93
054 	J033037-784908 	 294.17 	 -35.44 	 294.47 	 -35.71 	 800.00 	 6.1 	 23.2 	 3.57 	 2.69 	 0.88
055 	J033145-784741 	 294.10 	 -35.42 	 294.10 	 -35.90 	 532.80 	 5.7 	 21.8 	 4.31 	 4.87 	 -0.56
056 	J033211-780653 	 293.49 	 -35.89 	 293.13 	 -35.97 	 687.70 	 7.1 	 30.0 	 2.44 	 3.81 	 -1.37
057 	J033749-784013 	 293.74 	 -35.30 	 294.00 	 -35.72 	 578.90 	 5.7 	 48.0 	 4.73 	 6.44 	 -1.71
058 	J034828-732032 	 288.17 	 -38.28 	 288.49 	 -38.20 	 2379.90 	 5.4 	 28.5 	 5.66 	 6.55 	 -0.89
059 	J035125-792156 	 293.84 	 -34.35 	 293.61 	 -34.10 	 532.30 	 7.8 	 27.7 	 3.01 	 1.63 	 1.38
060 	J035150-695934 	 284.48 	 -40.05 	 284.70 	 -40.02 	 747.00 	 8.6 	 19.5 	 8.08 	 8.62 	 -0.54
061 	J035239-710704 	 285.63 	 -39.35 	 285.89 	 -39.36 	 748.80 	 3.6 	 41.2 	 9.94 	 9.57 	 0.37
062 	J035329-762642 	 290.99 	 -36.12 	 291.08 	 -35.85 	 667.00 	 5.5 	 18.6 	 1.17 	 -0.67 	 1.84
063 	J035410-702439 	 284.78 	 -39.65 	 284.17 	 -39.55 	 781.10 	 7.3 	 24.4 	 8.33 	 8.43 	 -0.10
064 	J035546-782403 	 292.77 	 -34.81 	 292.87 	 -35.13 	 767.20 	 5.9 	 24.5 	 2.53 	 4.46 	 -1.93
065 	J035627-725014 	 287.21 	 -38.12 	 286.90 	 -37.88 	 736.20 	 6.1 	 20.9 	 1.65 	 3.07 	 -1.42
066 	J035644-720927 	 286.48 	 -38.49 	 286.19 	 -38.51 	 574.50 	 6.2 	 25.8 	 7.97 	 7.95 	 0.02
067 	J035730-694844 	 283.93 	 -39.74 	 284.22 	 -39.90 	 2623.40 	 6.8 	 58.6 	 7.40 	 7.50 	 -0.10
068 	J035743-682858 	 282.45 	 -40.44 	 282.57 	 -40.64 	 1565.10 	 10.2 	 58.4 	 6.80 	 6.60 	 0.20
069 	J035745-682904 	 282.45 	 -40.43 	 281.95 	 -40.40 	 542.50 	 10.1 	 61.7 	 1.82 	 3.37 	 -1.55
070 	J035845-720848 	 286.36 	 -38.37 	 286.19 	 -38.51 	 574.50 	 6.8 	 25.8 	 7.89 	 7.95 	 -0.06
071 	J035859-791544 	 293.47 	 -34.15 	 293.61 	 -34.10 	 532.30 	 7.2 	 27.7 	 1.72 	 1.63 	 0.09
072 	J035911-772200 	 291.64 	 -35.30 	 291.67 	 -34.94 	 667.60 	 5.9 	 18.5 	 3.25 	 5.03 	 -1.78
073 	J040020-794904 	 293.95 	 -33.76 	 293.61 	 -34.10 	 532.30 	 6.3 	 27.7 	 2.53 	 1.63 	 0.90
074 	J040040-700026 	 283.95 	 -39.41 	 283.65 	 -39.83 	 2921.70 	 8.2 	 69.1 	 1.69 	 3.28 	 -1.59
075 	J040110-790204 	 293.18 	 -34.21 	 293.61 	 -34.10 	 532.30 	 6.7 	 27.7 	 2.64 	 1.63 	 1.01
076 	J040131-705457 	 284.89 	 -38.86 	 284.88 	 -39.22 	 749.90 	 5.5 	 18.6 	 7.52 	 8.36 	 -0.84
077 	J040220-790707 	 293.22 	 -34.11 	 293.61 	 -34.10 	 532.30 	 7.1 	 27.7 	 2.24 	 1.63 	 0.61
078 	J040247-695523 	 283.74 	 -39.30 	 283.59 	 -39.74 	 622.80 	 5.8 	 34.2 	 5.11 	 7.67 	 -2.56
079 	J040252-690218 	 282.75 	 -39.75 	 282.52 	 -40.16 	 526.10 	 7.2 	 67.0 	 5.06 	 5.13 	 -0.07
080 	J040329-742124 	 288.43 	 -36.84 	 287.87 	 -36.75 	 603.90 	 11.3 	 18.0 	 5.04 	 5.01 	 0.03
081 	J040440-724023 	 286.61 	 -37.70 	 286.98 	 -37.86 	 868.40 	 6.6 	 21.0 	 6.37 	 5.10 	 1.27
082 	J040513-723724 	 286.53 	 -37.70 	 286.98 	 -37.86 	 868.40 	 6.2 	 21.0 	 6.34 	 5.10 	 1.24
083 	J040531-704153 	 284.43 	 -38.70 	 283.97 	 -38.36 	 952.40 	 5.3 	 19.2 	 5.45 	 5.48 	 -0.03
084 	J040541-710449 	 284.84 	 -38.49 	 284.74 	 -38.02 	 798.20 	 4.6 	 33.3 	 7.15 	 5.59 	 1.56
085 	J040659-733405 	 287.44 	 -37.08 	 287.45 	 -37.45 	 1168.80 	 8.3 	 20.9 	 7.28 	 6.99 	 0.29
086 	J040749-721622 	 286.02 	 -37.72 	 286.31 	 -37.63 	 843.80 	 8.7 	 21.4 	 6.64 	 7.78 	 -1.14
087 	J040828-741616 	 288.11 	 -36.61 	 287.87 	 -36.75 	 603.90 	 9.8 	 18.0 	 5.91 	 5.01 	 0.90
088 	J040832-721841 	 286.02 	 -37.65 	 286.31 	 -37.63 	 843.80 	 7.4 	 21.4 	 6.43 	 7.78 	 -1.35
089 	J040835-721844 	 286.02 	 -37.65 	 286.31 	 -37.63 	 843.80 	 7.4 	 21.4 	 6.34 	 7.78 	 -1.44
090 	J040907-721916 	 286.01 	 -37.61 	 286.31 	 -37.63 	 843.80 	 7.7 	 21.4 	 6.62 	 7.78 	 -1.16
091 	J040914-714206 	 285.33 	 -37.92 	 284.74 	 -38.02 	 798.20 	 7.3 	 33.3 	 5.66 	 5.59 	 0.07
092 	J040935-765321 	 290.75 	 -35.11 	 290.71 	 -35.13 	 989.60 	 6.1 	 46.6 	 2.68 	 1.64 	 1.04
093 	J040936-765326 	 290.75 	 -35.11 	 290.71 	 -35.13 	 989.60 	 5.9 	 46.6 	 2.73 	 1.64 	 1.09
094 	J040937-765334 	 290.76 	 -35.10 	 290.71 	 -35.13 	 989.60 	 5.8 	 46.6 	 1.25 	 1.64 	 -0.39
095 	J040958-750018 	 288.81 	 -36.13 	 288.25 	 -36.01 	 899.80 	 5.9 	 28.7 	 6.48 	 8.17 	 -1.69
096 	J041040-771121 	 291.02 	 -34.89 	 290.71 	 -35.13 	 989.60 	 7.6 	 46.6 	 2.89 	 1.64 	 1.25
097 	J041042-775042 	 291.67 	 -34.52 	 291.67 	 -34.94 	 667.60 	 5.8 	 18.5 	 2.83 	 5.03 	 -2.20
098 	J041100-764122 	 290.50 	 -35.15 	 290.71 	 -35.13 	 989.60 	 6.3 	 46.6 	 0.80 	 1.64 	 -0.84
099 	J041102-764126 	 290.50 	 -35.15 	 290.71 	 -35.13 	 989.60 	 6.4 	 46.6 	 0.83 	 1.64 	 -0.81
100 	J041123-762247 	 290.16 	 -35.30 	 290.71 	 -35.13 	 989.60 	 6.3 	 46.6 	 3.19 	 1.64 	 1.55
101 	J041258-773857 	 291.39 	 -34.53 	 291.67 	 -34.94 	 667.60 	 5.6 	 18.5 	 2.95 	 5.03 	 -2.08
102 	J041406-765311 	 290.58 	 -34.90 	 290.71 	 -35.13 	 989.60 	 6.4 	 46.6 	 3.09 	 1.64 	 1.45
103 	J041439-705437 	 284.19 	 -37.94 	 284.74 	 -38.02 	 798.20 	 8.7 	 33.3 	 2.63 	 5.59 	 -2.96
104 	J041440-705443 	 284.19 	 -37.94 	 284.74 	 -38.02 	 798.20 	 8.9 	 33.3 	 2.51 	 5.59 	 -3.08
105 	J041648-794855 	 293.44 	 -33.17 	 292.88 	 -33.05 	 1209.50 	 6.4 	 17.5 	 2.81 	 5.57 	 -2.76
106 	J041714-712154 	 284.56 	 -37.54 	 284.74 	 -38.02 	 798.20 	 8.0 	 33.3 	 5.18 	 5.59 	 -0.41
107 	J041737-780347 	 291.65 	 -34.10 	 291.88 	 -33.81 	 718.50 	 6.4 	 19.1 	 3.11 	 5.70 	 -2.59
108 	J041752-753009 	 289.00 	 -35.44 	 288.74 	 -35.31 	 661.30 	 6.4 	 16.8 	 4.74 	 5.05 	 -0.31
109 	J041755-753016 	 289.00 	 -35.43 	 288.74 	 -35.31 	 661.30 	 6.6 	 16.8 	 3.60 	 5.05 	 -1.45
110 	J042116-753837 	 289.01 	 -35.18 	 288.74 	 -35.31 	 661.30 	 6.5 	 16.8 	 1.94 	 5.05 	 -3.11
111 	J042347-735736 	 287.11 	 -35.87 	 286.78 	 -35.57 	 596.40 	 7.5 	 28.0 	 6.35 	 6.75 	 -0.40
112 	J042349-724413 	 285.78 	 -36.44 	 285.62 	 -36.82 	 805.20 	 7.0 	 21.5 	 5.42 	 5.45 	 -0.03
113 	J042401-792607 	 292.85 	 -33.10 	 292.76 	 -32.96 	 1278.20 	 7.0 	 25.3 	 4.27 	 4.36 	 -0.09
114 	J042402-724748 	 285.83 	 -36.40 	 285.96 	 -36.67 	 789.20 	 6.0 	 22.6 	 0.26 	 3.23 	 -2.97
115 	J042501-724714 	 285.78 	 -36.34 	 285.62 	 -36.82 	 805.20 	 6.8 	 21.5 	 5.28 	 5.45 	 -0.17
116 	J042656-721156 	 285.05 	 -36.48 	 285.19 	 -36.30 	 1053.10 	 8.3 	 47.7 	 1.04 	 -1.02 	 2.06
117 	J042844-725430 	 285.76 	 -36.04 	 286.18 	 -36.38 	 982.50 	 8.1 	 24.9 	 5.77 	 9.06 	 -3.29
118 	J043106-790301 	 292.25 	 -33.01 	 292.06 	 -32.78 	 735.30 	 7.2 	 33.1 	 1.08 	 2.66 	 -1.58
119 	J043200-711323 	 283.74 	 -36.54 	 284.15 	 -36.18 	 1448.80 	 8.4 	 17.6 	 2.08 	 2.83 	 -0.75
120 	J043206-684632 	 280.93 	 -37.52 	 281.03 	 -37.06 	 659.40 	 5.4 	 23.9 	 5.59 	 2.55 	 3.04
121 	J043208-724929 	 285.53 	 -35.85 	 286.01 	 -35.63 	 1897.60 	 7.4 	 20.1 	 5.57 	 7.99 	 -2.42
122 	J043209-735432 	 286.73 	 -35.38 	 286.96 	 -35.32 	 679.50 	 8.5 	 51.2 	 4.14 	 3.73 	 0.41
123 	J043251-713314 	 284.08 	 -36.35 	 284.39 	 -36.21 	 523.80 	 8.3 	 20.6 	 0.67 	 3.30 	 -2.63
124 	J043253-713324 	 284.08 	 -36.34 	 284.39 	 -36.21 	 523.80 	 9.0 	 20.6 	 2.23 	 3.30 	 -1.07
125 	J043655-693032 	 281.57 	 -36.85 	 281.07 	 -36.89 	 860.40 	 6.4 	 25.1 	 2.64 	 3.20 	 -0.56
126 	J043704-714819 	 284.19 	 -35.94 	 283.94 	 -36.18 	 2766.30 	 7.9 	 19.4 	 4.23 	 4.38 	 -0.15
127 	J043714-700916 	 282.30 	 -36.58 	 282.11 	 -36.39 	 652.70 	 7.0 	 19.6 	 5.35 	 5.59 	 -0.24
128 	J043816-731011 	 285.68 	 -35.30 	 286.01 	 -35.63 	 1897.60 	 7.2 	 20.1 	 7.54 	 7.99 	 -0.45
129 	J043816-731000 	 285.68 	 -35.30 	 286.01 	 -35.63 	 1897.60 	 6.0 	 20.1 	 5.30 	 7.99 	 -2.69
130 	J043932-704458 	 282.89 	 -36.17 	 282.97 	 -36.02 	 756.70 	 10.1 	 17.3 	 3.25 	 3.78 	 -0.53
131 	J043932-704522 	 282.90 	 -36.17 	 282.97 	 -36.02 	 756.70 	 9.2 	 17.3 	 2.81 	 3.78 	 -0.97
132 	J044008-715718 	 284.25 	 -35.66 	 283.90 	 -35.43 	 1847.70 	 8.9 	 39.2 	 3.56 	 6.03 	 -2.47
133 	J044047-695217 	 281.84 	 -36.40 	 281.43 	 -36.25 	 1001.30 	 8.0 	 25.6 	 5.72 	 5.68 	 0.04
134 	J044202-692632 	 281.29 	 -36.45 	 281.45 	 -36.12 	 506.00 	 8.4 	 46.4 	 1.83 	 2.23 	 -0.40
135 	J044306-763013 	 289.19 	 -33.62 	 288.79 	 -33.61 	 742.30 	 7.0 	 19.9 	 4.02 	 5.51 	 -1.49
136 	J044346-761015 	 288.81 	 -33.73 	 289.27 	 -33.48 	 1446.80 	 6.6 	 20.1 	 4.30 	 6.54 	 -2.24
137 	J044415-684211 	 280.34 	 -36.52 	 280.55 	 -36.41 	 837.50 	 5.7 	 55.6 	 0.94 	 1.49 	 -0.55
138 	J044517-701428 	 282.09 	 -35.91 	 281.67 	 -36.04 	 783.20 	 9.2 	 39.5 	 2.78 	 4.36 	 -1.58
139 	J044610-720509 	 284.18 	 -35.18 	 283.92 	 -35.55 	 1375.20 	 11.5 	 18.9 	 5.04 	 4.84 	 0.20
140 	J044611-720510 	 284.18 	 -35.18 	 283.92 	 -35.55 	 1375.20 	 9.8 	 18.9 	 3.02 	 4.84 	 -1.82
141 	J044612-720512 	 284.18 	 -35.18 	 283.92 	 -35.55 	 1375.20 	 11.2 	 18.9 	 2.35 	 4.84 	 -2.49
142 	J044746-704843 	 282.66 	 -35.52 	 283.22 	 -35.42 	 885.40 	 7.7 	 35.6 	 2.95 	 4.83 	 -1.88
143 	J044809-703144 	 282.32 	 -35.58 	 282.04 	 -35.99 	 947.10 	 9.2 	 35.4 	 5.20 	 5.84 	 -0.64
144 	J044848-741731 	 286.58 	 -34.18 	 286.27 	 -33.82 	 504.80 	 6.0 	 20.2 	 5.69 	 6.02 	 -0.33
145 	J044902-705155 	 282.68 	 -35.40 	 283.22 	 -35.42 	 885.40 	 8.3 	 35.6 	 3.55 	 4.83 	 -1.28
146 	J044902-705148 	 282.68 	 -35.40 	 283.22 	 -35.42 	 885.40 	 8.4 	 35.6 	 3.39 	 4.83 	 -1.44
147 	J044902-705208 	 282.68 	 -35.40 	 283.22 	 -35.42 	 885.40 	 8.3 	 35.6 	 3.37 	 4.83 	 -1.46
148 	J044903-705216 	 282.69 	 -35.40 	 283.22 	 -35.42 	 885.40 	 8.4 	 35.6 	 3.42 	 4.83 	 -1.41
149 	J044928-692630 	 281.01 	 -35.84 	 281.40 	 -36.01 	 848.70 	 8.1 	 43.2 	 3.44 	 3.14 	 0.30
150 	J044948-694013 	 281.27 	 -35.74 	 281.67 	 -36.04 	 783.20 	 7.9 	 39.5 	 3.76 	 4.36 	 -0.60
151 	J044953-732749 	 285.62 	 -34.42 	 285.23 	 -34.45 	 741.80 	 7.5 	 44.8 	 2.80 	 3.39 	 -0.59
152 	J045113-693200 	 281.06 	 -35.67 	 281.28 	 -36.09 	 821.40 	 7.2 	 37.5 	 3.00 	 2.97 	 0.03
153 	J045114-693152 	 281.06 	 -35.66 	 281.28 	 -36.09 	 821.40 	 7.1 	 37.5 	 2.91 	 2.97 	 -0.06
154 	J045114-693123 	 281.05 	 -35.67 	 281.28 	 -36.09 	 821.40 	 7.4 	 37.5 	 2.81 	 2.97 	 -0.16
155 	J045122-722110 	 284.31 	 -34.71 	 283.82 	 -34.82 	 1076.10 	 8.9 	 18.6 	 1.46 	 0.84 	 0.62
156 	J045152-692332 	 280.87 	 -35.66 	 281.22 	 -35.92 	 540.50 	 7.6 	 36.9 	 4.05 	 4.78 	 -0.73
157 	J045153-692328 	 280.87 	 -35.65 	 280.87 	 -35.95 	 2483.20 	 7.5 	 20.9 	 3.77 	 4.43 	 -0.66
158 	J045157-760518 	 288.49 	 -33.31 	 288.79 	 -33.61 	 742.30 	 7.0 	 19.9 	 4.28 	 5.51 	 -1.23
159 	J045338-702807 	 282.07 	 -35.17 	 281.93 	 -35.55 	 734.00 	 7.0 	 28.6 	 2.70 	 1.28 	 1.42
160 	J045354-692131 	 280.77 	 -35.50 	 280.87 	 -35.95 	 2483.20 	 6.4 	 20.9 	 2.39 	 4.43 	 -2.04
161 	J045403-691154 	 280.57 	 -35.53 	 281.16 	 -35.62 	 1919.20 	 7.3 	 24.7 	 6.60 	 7.20 	 -0.60
162 	J045438-751726 	 287.53 	 -33.46 	 287.69 	 -33.01 	 1291.20 	 8.2 	 17.7 	 4.98 	 6.50 	 -1.52
163 	J045541-690629 	 280.41 	 -35.42 	 280.38 	 -35.63 	 1694.80 	 6.3 	 18.1 	 3.76 	 4.11 	 -0.35
164 	J045545-694830 	 281.23 	 -35.21 	 281.12 	 -35.70 	 696.00 	 6.8 	 18.8 	 4.14 	 4.98 	 -0.84
165 	J045551-690210 	 280.32 	 -35.43 	 280.38 	 -35.63 	 1694.80 	 6.3 	 18.1 	 4.43 	 4.11 	 0.32
166 	J045608-701434 	 281.73 	 -35.04 	 281.85 	 -35.48 	 912.50 	 5.8 	 17.1 	 7.84 	 6.77 	 1.07
167 	J045613-761757 	 288.60 	 -33.00 	 288.41 	 -33.01 	 568.70 	 7.7 	 23.5 	 4.64 	 5.89 	 -1.25
168 	J045633-730709 	 285.02 	 -34.09 	 285.23 	 -34.45 	 741.80 	 8.9 	 44.8 	 -0.59 	 3.39 	 -3.98
169 	J045730-731750 	 285.20 	 -33.97 	 285.23 	 -34.45 	 741.80 	 8.3 	 44.8 	 4.54 	 3.39 	 1.15
170 	J045730-750644 	 287.25 	 -33.35 	 287.66 	 -33.56 	 1100.50 	 6.2 	 17.6 	 4.71 	 7.49 	 -2.78
171 	J045735-750700 	 287.25 	 -33.34 	 287.69 	 -33.01 	 1291.20 	 5.9 	 17.7 	 4.95 	 6.50 	 -1.55
172 	J045746-691937 	 280.61 	 -35.18 	 280.67 	 -35.22 	 841.30 	 6.7 	 21.6 	 8.68 	 10.23 	 -1.55
173 	J045747-691928 	 280.60 	 -35.18 	 280.73 	 -35.10 	 568.70 	 7.1 	 24.7 	 9.15 	 10.28 	 -1.13
174 	J045856-754649 	 287.96 	 -33.03 	 288.41 	 -33.01 	 568.70 	 7.6 	 23.5 	 4.74 	 5.89 	 -1.15
175 	J050036-720626 	 283.75 	 -34.13 	 284.25 	 -33.91 	 578.30 	 6.1 	 56.8 	 2.82 	 3.09 	 -0.27
176 	J050200-693150 	 280.72 	 -34.77 	 280.67 	 -35.22 	 841.30 	 7.3 	 21.6 	 9.87 	 10.23 	 -0.36
177 	J050200-693158 	 280.72 	 -34.76 	 280.67 	 -35.22 	 841.30 	 7.3 	 21.6 	 9.92 	 10.23 	 -0.31
178 	J050201-693151 	 280.72 	 -34.76 	 280.67 	 -35.22 	 841.30 	 7.0 	 21.6 	 9.93 	 10.23 	 -0.30
179 	J050202-693154 	 280.72 	 -34.76 	 280.67 	 -35.22 	 841.30 	 7.2 	 21.6 	 9.90 	 10.23 	 -0.33
180 	J050325-725841 	 284.67 	 -33.66 	 284.23 	 -33.67 	 935.20 	 8.1 	 31.1 	 4.62 	 4.71 	 -0.09
181 	J050907-733303 	 285.18 	 -33.10 	 285.08 	 -33.40 	 752.00 	 8.2 	 23.3 	 7.71 	 8.39 	 -0.68
182 	J051157-733244 	 285.11 	 -32.91 	 285.08 	 -33.40 	 752.00 	 8.5 	 23.3 	 7.66 	 8.39 	 -0.73
183 	J051247-751332 	 287.00 	 -32.38 	 286.92 	 -32.04 	 1033.30 	 6.4 	 20.5 	 6.56 	 5.10 	 1.46
184 	J051446-744126 	 286.35 	 -32.41 	 285.87 	 -32.14 	 1456.20 	 7.5 	 54.6 	 5.95 	 5.43 	 0.52
185 	J051619-733601 	 285.07 	 -32.60 	 285.35 	 -32.68 	 915.60 	 8.1 	 25.9 	 7.03 	 7.48 	 -0.45
186 	J051854-741447 	 285.76 	 -32.26 	 285.87 	 -32.14 	 1456.20 	 9.1 	 54.6 	 6.53 	 5.43 	 1.10
187 	J052105-695939 	 280.79 	 -33.05 	 281.10 	 -33.48 	 1847.70 	 4.6 	 17.1 	 6.88 	 5.97 	 0.91
188 	J052129-745638 	 286.51 	 -31.92 	 286.37 	 -31.87 	 626.70 	 7.3 	 18.3 	 6.35 	 6.55 	 -0.20
189 	J052305-734523 	 285.12 	 -32.10 	 285.37 	 -32.47 	 1820.50 	 7.6 	 18.9 	 7.49 	 7.85 	 -0.36
190 	J052309-731408 	 284.51 	 -32.21 	 284.71 	 -32.54 	 756.40 	 6.5 	 38.2 	 5.82 	 4.43 	 1.39
191 	J052416-741419 	 285.65 	 -31.91 	 285.87 	 -32.14 	 1456.20 	 12.2 	 54.6 	 6.95 	 5.43 	 1.52
192 	J052626-655623 	 275.92 	 -33.22 	 275.79 	 -32.74 	 1284.90 	 4.6 	 22.6 	 4.95 	 8.58 	 -3.63
193 	J052627-655607 	 275.91 	 -33.22 	 275.41 	 -33.48 	 721.80 	 4.4 	 22.1 	 5.01 	 8.57 	 -3.56
194 	J052810-650352 	 274.85 	 -33.15 	 275.35 	 -33.22 	 580.90 	 4.2 	 22.3 	 8.24 	 9.66 	 -1.42
195 	J052847-683622 	 279.03 	 -32.62 	 278.70 	 -32.74 	 1244.20 	 5.6 	 19.0 	 7.43 	 7.22 	 0.21
196 	J052905-765700 	 288.66 	 -30.99 	 288.42 	 -31.15 	 860.00 	 6.9 	 17.6 	 4.70 	 5.81 	 -1.11
197 	J052916-762511 	 288.05 	 -31.10 	 288.42 	 -31.15 	 860.00 	 6.5 	 17.6 	 4.06 	 5.81 	 -1.75
198 	J052929-724528 	 283.85 	 -31.86 	 283.87 	 -31.78 	 628.10 	 6.0 	 22.1 	 -6.40 	 -5.18 	 -1.22
199 	J053009-664810 	 276.88 	 -32.74 	 276.59 	 -32.84 	 1404.70 	 4.7 	 22.9 	 7.23 	 7.65 	 -0.42
200 	J053029-751334 	 286.67 	 -31.29 	 286.46 	 -31.47 	 606.50 	 5.8 	 21.4 	 1.48 	 1.84 	 -0.36
201 	J053106-654441 	 275.62 	 -32.77 	 275.79 	 -32.74 	 1284.90 	 4.7 	 22.6 	 5.38 	 8.58 	 -3.20
202 	J053246-634819 	 273.30 	 -32.78 	 273.59 	 -33.12 	 812.60 	 4.3 	 17.4 	 7.94 	 8.12 	 -0.18
203 	J053249-634813 	 273.30 	 -32.77 	 273.59 	 -33.12 	 812.60 	 4.0 	 17.4 	 6.06 	 8.12 	 -2.06
204 	J053424-732718 	 284.58 	 -31.38 	 284.86 	 -31.34 	 2115.40 	 6.8 	 40.3 	 5.21 	 5.08 	 0.13
205 	J053424-732724 	 284.58 	 -31.38 	 284.86 	 -31.34 	 2115.40 	 6.9 	 40.3 	 5.11 	 5.08 	 0.03
206 	J053425-732731 	 284.58 	 -31.38 	 284.86 	 -31.34 	 2115.40 	 7.0 	 40.3 	 5.49 	 5.08 	 0.41
207 	J053542-660145 	 275.90 	 -32.27 	 275.79 	 -32.74 	 1284.90 	 3.9 	 22.6 	 6.53 	 8.58 	 -2.05
208 	J053542-660156 	 275.90 	 -32.27 	 275.79 	 -32.74 	 1284.90 	 4.1 	 22.6 	 6.85 	 8.58 	 -1.73
209 	J053542-660206 	 275.91 	 -32.27 	 275.79 	 -32.74 	 1284.90 	 3.9 	 22.6 	 6.62 	 8.58 	 -1.96
210 	J053544-660204 	 275.90 	 -32.27 	 275.79 	 -32.74 	 1284.90 	 3.9 	 22.6 	 6.62 	 8.58 	 -1.96
211 	J053545-660145 	 275.90 	 -32.27 	 275.79 	 -32.74 	 1284.90 	 3.9 	 22.6 	 5.80 	 8.58 	 -2.78
212 	J053547-660146 	 275.90 	 -32.27 	 275.79 	 -32.74 	 1284.90 	 4.0 	 22.6 	 6.55 	 8.58 	 -2.03
213 	J054002-735616 	 285.06 	 -30.91 	 284.86 	 -31.34 	 2115.40 	 8.1 	 40.3 	 6.67 	 5.08 	 1.59
214 	J054049-625124 	 272.12 	 -31.93 	 272.06 	 -32.15 	 606.90 	 5.0 	 25.5 	 5.49 	 10.82 	 -5.33
215 	J054105-735345 	 284.99 	 -30.84 	 284.76 	 -30.46 	 700.40 	 7.9 	 28.2 	 6.77 	 8.56 	 -1.79
216 	J054135-680041 	 278.16 	 -31.52 	 278.70 	 -31.52 	 606.50 	 5.7 	 21.5 	 6.15 	 2.87 	 3.28
217 	J054150-733215 	 284.57 	 -30.84 	 284.76 	 -30.46 	 700.40 	 8.3 	 28.2 	 8.61 	 8.56 	 0.05
218 	J054219-733129 	 284.55 	 -30.81 	 284.76 	 -30.46 	 700.40 	 8.2 	 28.2 	 6.16 	 8.56 	 -2.40
219 	J054220-733135 	 284.55 	 -30.81 	 284.76 	 -30.46 	 700.40 	 9.0 	 28.2 	 5.71 	 8.56 	 -2.85
220 	J054239-733635 	 284.65 	 -30.78 	 284.76 	 -30.46 	 700.40 	 8.2 	 28.2 	 7.44 	 8.56 	 -1.12
221 	J054427-715528 	 282.68 	 -30.87 	 282.39 	 -30.55 	 522.90 	 5.4 	 17.2 	 7.11 	 8.87 	 -1.76
222 	J054608-712741 	 282.13 	 -30.79 	 282.39 	 -30.55 	 522.90 	 6.4 	 17.2 	 6.72 	 8.87 	 -2.15
223 	J054755-741738 	 285.38 	 -30.32 	 285.44 	 -30.08 	 1457.50 	 7.5 	 28.0 	 5.85 	 6.08 	 -0.23
224 	J054901-712012 	 281.96 	 -30.57 	 282.39 	 -30.55 	 522.90 	 7.4 	 17.2 	 8.23 	 8.87 	 -0.64
225 	J054951-745935 	 286.16 	 -30.11 	 286.06 	 -30.03 	 941.40 	 6.9 	 24.7 	 5.08 	 6.93 	 -1.85
226 	J055130-691631 	 279.55 	 -30.52 	 280.00 	 -30.53 	 790.80 	 5.1 	 33.6 	 -6.37 	 -6.60 	 0.23
227 	J055732-741646 	 285.28 	 -29.68 	 285.44 	 -30.08 	 1457.50 	 8.4 	 28.0 	 5.52 	 6.08 	 -0.56
228 	J055845-745904 	 286.08 	 -29.53 	 286.34 	 -29.30 	 522.00 	 7.8 	 25.3 	 4.78 	 5.02 	 -0.24
229 	J055926-744032 	 285.72 	 -29.52 	 286.02 	 -29.35 	 516.20 	 8.3 	 18.5 	 4.59 	 5.50 	 -0.91
230 	J055939-751109 	 286.30 	 -29.46 	 286.34 	 -29.30 	 522.00 	 7.3 	 25.3 	 4.22 	 5.02 	 -0.80
231 	J060055-724624 	 283.53 	 -29.55 	 283.88 	 -29.87 	 1272.80 	 7.5 	 25.5 	 4.05 	 4.51 	 -0.46
232 	J060135-695541 	 280.26 	 -29.62 	 280.22 	 -29.48 	 606.90 	 5.3 	 20.5 	 9.40 	 9.55 	 -0.15
233 	J060316-743952 	 285.68 	 -29.26 	 285.57 	 -29.54 	 1292.00 	 8.8 	 44.2 	 4.62 	 7.03 	 -2.41
234 	J060533-733420 	 284.43 	 -29.17 	 284.21 	 -29.60 	 1782.50 	 7.6 	 27.4 	 3.80 	 6.11 	 -2.31
235 	J060540-742521 	 285.40 	 -29.12 	 285.57 	 -29.54 	 1292.00 	 9.3 	 44.2 	 5.19 	 7.03 	 -1.84
236 	J060822-752100 	 286.45 	 -28.89 	 286.34 	 -29.30 	 522.00 	 7.0 	 25.3 	 3.64 	 5.02 	 -1.38
237 	J060842-732144 	 284.18 	 -28.96 	 284.14 	 -28.92 	 562.60 	 7.3 	 29.3 	 4.50 	 6.07 	 -1.57
238 	J060900-705524 	 281.39 	 -28.98 	 281.47 	 -29.05 	 892.20 	 6.6 	 25.1 	 3.58 	 5.97 	 -2.39
239 	J060902-705506 	 281.38 	 -28.98 	 281.47 	 -29.05 	 892.20 	 6.6 	 25.1 	 3.84 	 5.97 	 -2.13
240 	J061011-724813 	 283.53 	 -28.86 	 283.92 	 -29.21 	 1979.90 	 6.5 	 18.1 	 3.90 	 7.45 	 -3.55
241 	J061013-743151 	 285.51 	 -28.81 	 285.53 	 -28.63 	 1198.60 	 8.6 	 28.5 	 3.93 	 4.52 	 -0.59
242 	J061014-743208 	 285.51 	 -28.81 	 285.53 	 -28.63 	 1198.60 	 8.4 	 28.5 	 3.99 	 4.52 	 -0.53
243 	J061014-743214 	 285.51 	 -28.81 	 285.53 	 -28.63 	 1198.60 	 8.5 	 28.5 	 4.04 	 4.52 	 -0.48
244 	J061024-711917 	 281.84 	 -28.86 	 282.16 	 -29.20 	 2346.40 	 6.0 	 22.4 	 2.48 	 3.90 	 -1.42
245 	J061030-700235 	 280.38 	 -28.85 	 280.68 	 -28.62 	 846.70 	 5.5 	 17.9 	 5.61 	 6.84 	 -1.23
246 	J061328-741046 	 285.10 	 -28.60 	 285.24 	 -28.15 	 2406.80 	 7.8 	 37.8 	 3.70 	 3.60 	 0.10
247 	J010214-801239 	 302.36 	 -36.91 	 301.69 	 -36.78 	 408.50 	 4.9 	 30.6 	 3.01 	 5.04 	 -2.03
248 	J010218-754650 	 302.04 	 -41.33 	 301.43 	 -41.11 	 931.60 	 4.2 	 20.6 	 7.94 	 8.51 	 -0.57
249 	J010236-762313 	 302.06 	 -40.72 	 302.27 	 -40.87 	 433.20 	 4.6 	 17.1 	 7.21 	 4.55 	 2.66
250 	J010238-762315 	 302.06 	 -40.72 	 302.27 	 -40.87 	 433.20 	 4.5 	 17.1 	 7.08 	 4.55 	 2.53
251 	J010251-753523 	 301.98 	 -41.52 	 301.43 	 -41.11 	 931.60 	 4.7 	 20.6 	 9.89 	 8.51 	 1.38
252 	J011321-752819 	 301.10 	 -41.58 	 301.43 	 -41.11 	 931.60 	 4.0 	 20.6 	 8.06 	 8.51 	 -0.45
253 	J011344-803517 	 301.80 	 -36.49 	 301.69 	 -36.78 	 408.50 	 5.3 	 30.6 	 2.57 	 5.04 	 -2.47
254 	J011348-803455 	 301.80 	 -36.50 	 301.69 	 -36.78 	 408.50 	 5.0 	 30.6 	 2.98 	 5.04 	 -2.06
255 	J011440-803741 	 301.76 	 -36.45 	 301.69 	 -36.78 	 408.50 	 5.2 	 30.6 	 2.81 	 5.04 	 -2.23
256 	J015153-795153 	 299.64 	 -36.87 	 298.94 	 -37.07 	 2277.10 	 5.3 	 16.9 	 3.57 	 4.20 	 -0.63
257 	J020211-762006 	 297.55 	 -40.05 	 297.83 	 -40.55 	 909.10 	 4.0 	 24.3 	 6.93 	 6.91 	 0.02
258 	J020216-762004 	 297.55 	 -40.04 	 297.83 	 -40.55 	 909.10 	 3.5 	 24.3 	 6.81 	 6.91 	 -0.10
259 	J031157-783612 	 294.83 	 -36.22 	 294.47 	 -35.71 	 800.00 	 6.4 	 23.2 	 1.60 	 2.69 	 -1.09
260 	J031836-795958 	 295.64 	 -34.95 	 295.93 	 -35.44 	 2645.40 	 5.9 	 18.2 	 1.92 	 2.42 	 -0.50
261 	J032658-763905 	 292.46 	 -37.13 	 293.08 	 -36.90 	 441.70 	 7.5 	 39.4 	 3.77 	 4.68 	 -0.91
262 	J032718-763747 	 292.42 	 -37.13 	 293.08 	 -36.90 	 441.70 	 8.2 	 39.4 	 3.56 	 4.68 	 -1.12
263 	J033309-764641 	 292.26 	 -36.79 	 292.94 	 -36.74 	 453.20 	 9.7 	 21.0 	 3.13 	 4.13 	 -1.00
264 	J034736-763204 	 291.34 	 -36.33 	 291.08 	 -35.85 	 667.00 	 5.9 	 18.6 	 -0.15 	 -0.67 	 0.52
265 	J035440-784533 	 293.15 	 -34.62 	 292.87 	 -35.13 	 767.20 	 6.0 	 24.5 	 2.24 	 4.46 	 -2.22
266 	J035641-783935 	 292.98 	 -34.61 	 292.87 	 -35.13 	 767.20 	 6.2 	 24.5 	 2.45 	 4.46 	 -2.01
267 	J035728-783508 	 292.88 	 -34.62 	 292.87 	 -35.13 	 767.20 	 5.9 	 24.5 	 2.08 	 4.46 	 -2.38
268 	J035801-760516 	 290.43 	 -36.12 	 291.08 	 -35.85 	 667.00 	 5.1 	 18.6 	 0.97 	 -0.67 	 1.64
269 	J035803-760526 	 290.43 	 -36.12 	 291.08 	 -35.85 	 667.00 	 5.2 	 18.6 	 1.02 	 -0.67 	 1.69
270 	J035810-760552 	 290.44 	 -36.11 	 291.08 	 -35.85 	 667.00 	 5.2 	 18.6 	 0.85 	 -0.67 	 1.52
271 	J035814-760604 	 290.44 	 -36.10 	 291.08 	 -35.85 	 667.00 	 5.2 	 18.6 	 2.80 	 -0.67 	 3.47
272 	J040400-710909 	 285.01 	 -38.56 	 284.84 	 -38.00 	 1087.40 	 5.7 	 19.7 	 7.16 	 7.98 	 -0.82
273 	J040848-750719 	 288.98 	 -36.13 	 288.25 	 -36.01 	 899.80 	 5.1 	 28.7 	 2.64 	 8.17 	 -5.53
274 	J041334-743302 	 288.17 	 -36.17 	 287.85 	 -35.63 	 493.40 	 7.7 	 19.5 	 5.43 	 5.55 	 -0.12
275 	J041409-773830 	 291.35 	 -34.48 	 291.67 	 -34.94 	 667.60 	 5.7 	 18.5 	 3.01 	 5.03 	 -2.02
276 	J041437-773239 	 291.23 	 -34.51 	 291.67 	 -34.94 	 667.60 	 6.1 	 18.5 	 3.08 	 5.03 	 -1.95
277 	J041648-785512 	 292.54 	 -33.66 	 291.96 	 -33.87 	 431.10 	 6.6 	 17.2 	 3.02 	 4.13 	 -1.11
278 	J042535-743245 	 287.67 	 -35.48 	 287.85 	 -35.63 	 493.40 	 7.3 	 19.5 	 4.60 	 5.55 	 -0.95
279 	J042651-743133 	 287.60 	 -35.42 	 286.96 	 -35.32 	 679.50 	 6.7 	 51.2 	 3.96 	 3.73 	 0.23
280 	J043207-724940 	 285.53 	 -35.85 	 285.19 	 -36.30 	 1053.10 	 8.2 	 47.7 	 1.74 	 -1.02 	 2.76
281 	J043443-744229 	 287.51 	 -34.87 	 287.30 	 -34.71 	 1020.80 	 5.4 	 19.1 	 3.19 	 2.26 	 0.93
282 	J043508-760432 	 288.98 	 -34.23 	 288.63 	 -34.65 	 887.10 	 8.0 	 21.8 	 3.27 	 4.58 	 -1.31
283 	J043535-745157 	 287.65 	 -34.75 	 287.30 	 -34.71 	 1020.80 	 5.0 	 19.1 	 1.94 	 2.26 	 -0.32
284 	J043853-750132 	 287.71 	 -34.49 	 287.30 	 -34.71 	 1020.80 	 4.8 	 19.1 	 3.36 	 2.26 	 1.10
285 	J044034-742118 	 286.92 	 -34.67 	 287.30 	 -34.71 	 1020.80 	 6.9 	 19.1 	 2.43 	 2.26 	 0.17
286 	J044115-744900 	 287.41 	 -34.43 	 287.30 	 -34.71 	 1020.80 	 6.2 	 19.1 	 3.23 	 2.26 	 0.97
287 	J045046-743537 	 286.86 	 -33.95 	 286.27 	 -33.82 	 504.80 	 7.2 	 20.2 	 4.40 	 6.02 	 -1.62
288 	J045047-743538 	 286.86 	 -33.95 	 286.27 	 -33.82 	 504.80 	 6.5 	 20.2 	 3.96 	 6.02 	 -2.06
289 	J045220-682306 	 279.68 	 -35.92 	 279.55 	 -35.74 	 2093.10 	 5.3 	 17.1 	 3.31 	 5.14 	 -1.83
290 	J045517-751143 	 287.40 	 -33.45 	 287.69 	 -33.01 	 1291.20 	 6.1 	 17.7 	 4.47 	 6.50 	 -2.03
291 	J045940-695504 	 281.24 	 -34.85 	 280.80 	 -35.01 	 1769.30 	 6.8 	 20.2 	 4.51 	 8.65 	 -4.14
292 	J050537-760540 	 288.14 	 -32.54 	 288.41 	 -33.01 	 568.70 	 6.5 	 23.5 	 5.11 	 5.89 	 -0.78
293 	J050707-751645 	 287.19 	 -32.71 	 287.69 	 -33.01 	 1291.20 	 6.8 	 17.7 	 6.60 	 6.50 	 0.10
294 	J051317-692224 	 280.24 	 -33.84 	 280.55 	 -34.29 	 653.20 	 6.1 	 17.0 	 9.10 	 9.32 	 -0.22
295 	J051321-692240 	 280.24 	 -33.84 	 280.55 	 -34.29 	 653.20 	 6.0 	 17.0 	 8.55 	 9.32 	 -0.77
296 	J052340-705019 	 281.73 	 -32.67 	 281.79 	 -32.32 	 820.10 	 5.3 	 20.4 	 9.03 	 10.23 	 -1.20
297 	J052456-693855 	 280.31 	 -32.79 	 279.73 	 -32.61 	 573.00 	 4.5 	 18.3 	 9.04 	 9.50 	 -0.46
298 	J052502-693902 	 280.31 	 -32.78 	 279.73 	 -32.61 	 573.00 	 4.8 	 18.3 	 8.74 	 9.50 	 -0.76
299 	J052517-672245 	 277.64 	 -33.13 	 277.01 	 -33.23 	 834.10 	 4.5 	 17.7 	 7.37 	 6.39 	 0.98
300 	J052648-645142 	 274.63 	 -33.32 	 275.12 	 -33.46 	 447.00 	 4.8 	 17.8 	 5.22 	 5.89 	 -0.67
301 	J052936-734000 	 284.90 	 -31.67 	 285.44 	 -31.45 	 492.30 	 6.8 	 30.6 	 7.58 	 7.42 	 0.16
302 	J060035-701218 	 280.58 	 -29.69 	 280.45 	 -29.27 	 448.40 	 6.2 	 23.1 	 5.22 	 5.76 	 -0.54